
FRACTIONS AS A FUNCTION OF SLICE


 QQpipi 	   ppg   	   dppg   	   mmg   	   dmmg   	   eeg   	   deeg   	   ppp   	   dppp   	   prob   	   sep  


0.320000  	 0.539155 	 0.010744 	 0.282050 	 0.008025 	 0.046311 	 0.004353 	 0.132484 	 0.005549 	 1.000000 	 0.882795 	 0.881092 

0.340000  	 0.576929 	 0.010722 	 0.252853 	 0.005983 	 0.034099 	 0.005332 	 0.136118 	 0.004652 	 1.000000 	 0.890396 	 0.890614 

0.360000  	 0.629602	 0.008657 	 0.232994 	 0.008070 	 0.046896 	 0.013151 	 0.090508 	 0.004987 	 0.999865 	 0.895958 	 0.895477 

0.380000  	 0.496097 	 0.053169 	 0.000000 	 0.027662 	 0.495661 	 0.094940 	 0.008274 	 0.047302 	 0.999999 	 0.744366 	 0.837746 

0.400000  	 0.734675 	 0.006531 	 0.202803 	 0.003460 	 0.000000 	 0.001681 	 0.062535 	 0.002515 	 0.444468 	 0.901262 	 0.901239 

0.420000  	 0.771527 	 0.005959 	 0.177820 	 0.002994 	 0.000000 	 0.003839 	 0.050669 	 0.002201 	 0.973517 	 0.902890 	 0.902755 

0.440000  	 0.821937 	 0.006111 	 0.131666 	 0.003207 	 0.011769 	 0.006290 	 0.034628 	 0.002240 	 0.999999 	 0.895611 	 0.895165 

0.460000  	 0.839473 	 0.005617 	 0.125305 	 0.003306 	 0.001837 	 0.005368 	 0.033385 	 0.001835 	 0.999905 	 0.901263 	 0.900577 

0.480000  	 0.866872 	 0.004656 	 0.107416 	 0.002353 	 0.005285 	 0.003674 	 0.020216 	 0.000000 	 0.999539 	 0.909133 	 0.909558 

0.500000  	 0.881568 	 0.004057 	 0.087336 	 0.002094 	 0.011564 	 0.003320 	 0.019532 	 0.001285 	 0.999685 	 0.899979 	 0.901548 

0.520000  	 0.899265 	 0.003675 	 0.077028 	 0.001400 	 0.008999 	 0.002157 	 0.014708 	 0.001280 	 0.999095 	 0.903279 	 0.903737 

0.540000  	 0.910560 	 0.003405 	 0.070421 	 0.001338 	 0.006888 	 0.002133 	 0.012133 	 0.001223 	 0.999997 	 0.902720 	 0.903505 

0.560000  	 0.921146 	 0.003193 	 0.066080 	 0.001302 	 0.004250 	 0.001998 	 0.008523 	 0.001104 	 0.999993 	 0.898038 	 0.898544 

0.580000  	 0.922546 	 0.003050 	 0.063970 	 0.001133 	 0.006223 	 0.001771 	 0.007261 	 0.000992 	 0.999296 	 0.896620 	 0.897678 

0.600000  	 0.912848 	 0.003127 	 0.067230 	 0.001525 	 0.017052 	 0.002507 	 0.002843 	 0.000000 	 1.000000 	 0.898150 	 0.901054 

0.620000  	 0.894862 	 0.003397 	 0.088942 	 0.001596 	 0.014050 	 0.002581 	 0.002111 	 0.000000 	 1.000000 	 0.897639 	 0.899240 

0.640000  	 0.883958 	 0.003491 	 0.094773 	 0.001787 	 0.019131 	 0.002988 	 0.002125 	 0.000000 	 1.000000 	 0.898583 	 0.900406 

0.660000  	 0.872139 	 0.003589 	 0.109119 	 0.002162 	 0.017483 	 0.003391 	 0.001247 	 0.000000 	 1.000000 	 0.899632 	 0.901039 

0.680000  	 0.858069 	 0.003629 	 0.125034 	 0.002051 	 0.016103 	 0.002961 	 0.000806 	 0.000000 	 0.999965 	 0.900331 	 0.901358 

0.700000  	 0.834326 	 0.003905 	 0.137478 	 0.002641 	 0.027751 	 0.004111 	 0.000449 	 0.000000 	 1.000000 	 0.901427 	 0.902756 

0.720000  	 0.819145 	 0.003926 	 0.166846 	 0.002724 	 0.013739 	 0.003847 	 0.000272 	 0.000000 	 0.998926 	 0.900513 	 0.900966 

0.740000  	 0.788015 	 0.004119 	 0.172985 	 0.003372 	 0.038864 	 0.005039 	 0.000139 	 0.000000 	 0.999610 	 0.901828 	 0.902702 

0.760000  	 0.774076 	 0.004042 	 0.204833 	 0.003353 	 0.021091 	 0.004588 	 0.000000 	 0.000000 	 0.816427 	 0.899789 	 0.900150 

0.780000  	 0.748830 	 0.004142 	 0.230658 	 0.003280 	 0.020512 	 0.004554 	 0.000000 	 0.000000 	 0.999612 	 0.899327 	 0.899475 

0.800000  	 0.733620 	 0.004283 	 0.258965 	 0.004010 	 0.007415 	 0.005310 	 0.000000 	 0.000000 	 0.991544 	 0.899371 	 0.899383 

0.820000  	 0.715125 	 0.003596 	 0.284887 	 0.002429 	 0.000000 	 0.000924 	 0.000000 	 0.000000 	 0.999949 	 0.905053 	 0.905042 

0.840000  	 0.693397 	 0.003494 	 0.306614 	 0.002501 	 0.000000 	 0.001093 	 0.000000 	 0.000000 	 0.999835 	 0.899160 	 0.899201 

0.860000  	 0.670236 	 0.003403 	 0.329775 	 0.002504 	 0.000000 	 0.000482 	 0.000000 	 0.000000 	 1.000000 	 0.907711 	 0.907776 

0.880000  	 0.650460 	 0.003249 	 0.349551 	 0.002492 	 0.000000 	 0.000446 	 0.000000 	 0.000000 	 1.000000 	 0.904268 	 0.904365 

0.900000  	 0.632682 	 0.003107 	 0.367329 	 0.002496 	 0.000000 	 0.000751 	 0.000000 	 0.000000 	 0.999992 	 0.905922 	 0.906060 

0.920000  	 0.616428 	 0.002814 	 0.383571 	 0.002325 	 0.000000 	 0.000386 	 0.000000 	 0.000000 	 1.000000 	 0.909025 	 0.909161 

0.940000  	 0.603931 	 0.002640 	 0.396068 	 0.002223 	 0.000000 	 0.000239 	 0.000000 	 0.000000 	 0.999867 	 0.913230 	 0.913370 

0.960000  	 0.596502 	 0.002441 	 0.403497 	 0.002078 	 0.000000 	 0.000410 	 0.000000 	 0.000000 	 1.000000 	 0.920058 	 0.920168 


 QQmumu 	   ppg   	   dppg   	   mmg   	   dmmg   	   eeg   	   deeg   	   ppp   	   dppp   	   sep   	   prob 


0.320000  	 0.598514 	 0.008334 	 0.244192 	 0.006313 	 0.027422 	 0.009070 	 0.129872 	 0.004476 	 0.999832 	 0.933126 

0.340000  	 0.502285 	 0.037331 	 0.000000 	 0.099573 	 0.450548 	 0.086055 	 0.047175 	 0.033885 	 0.702794 	 nan 

0.360000  	 0.613451 	 0.022557 	 0.102622 	 0.040730 	 0.219227 	 0.064578 	 0.064698 	 0.009802 	 0.013528 	 0.919136 

0.380000  	 0.746011 	 0.005679 	 0.175095 	 0.003164 	 0.008888 	 0.003343 	 0.070007 	 0.002372 	 0.419917 	 0.928739 

0.400000  	 0.778652 	 0.005515 	 0.156067 	 0.002788 	 0.011052 	 0.002997 	 0.054229 	 0.001930 	 0.999237 	 0.926474 

0.420000  	 0.814587 	 0.005085 	 0.129989 	 0.002463 	 0.012932 	 0.003298 	 0.042492 	 0.001648 	 0.932990 	 0.922848 

0.440000  	 0.847152 	 0.004501 	 0.110305 	 0.001880 	 0.008393 	 0.002232 	 0.034149 	 0.001427 	 0.798072 	 0.917251 

0.460000  	 0.870418 	 0.004024 	 0.094058 	 0.001627 	 0.009900 	 0.001866 	 0.025625 	 0.001167 	 0.999802 	 0.912491 

0.480000  	 0.889662 	 0.003699 	 0.080061 	 0.001451 	 0.011253 	 0.002050 	 0.019024 	 0.001033 	 0.908079 	 0.906858 

0.500000  	 0.903931 	 0.003377 	 0.072105 	 0.001268 	 0.009126 	 0.001782 	 0.014838 	 0.000925 	 0.961335 	 0.900752 

0.520000  	 0.913899 	 0.003131 	 0.067160 	 0.001070 	 0.007191 	 0.001292 	 0.011750 	 0.000831 	 0.970743 	 0.895856 

0.540000  	 0.919557 	 0.002994 	 0.064726 	 0.001028 	 0.007545 	 0.001282 	 0.008173 	 0.000761 	 0.961649 	 0.890489 

0.560000  	 0.918869 	 0.002957 	 0.064003 	 0.001155 	 0.011039 	 0.001705 	 0.006088 	 0.000816 	 0.998441 	 0.887608 

0.580000  	 0.892988 	 0.003248 	 0.087282 	 0.001351 	 0.012636 	 0.001808 	 0.007094 	 0.001065 	 0.992449 	 0.890354 

0.600000  	 0.887587 	 0.003303 	 0.094616 	 0.001439 	 0.013581 	 0.001946 	 0.004216 	 0.001024 	 1.000000 	 0.892265 

0.620000  	 0.875471 	 0.003444 	 0.107640 	 0.001553 	 0.015711 	 0.002460 	 0.001178 	 0.000958 	 0.999998 	 0.894262 

0.640000  	 0.864019 	 0.003547 	 0.122758 	 0.001724 	 0.012421 	 0.002174 	 0.000802 	 0.001396 	 0.989258 	 0.896290 

0.660000  	 0.843440 	 0.003630 	 0.139225 	 0.001922 	 0.016795 	 0.002301 	 0.000540 	 0.000960 	 0.999426 	 0.896497 

0.680000  	 0.823597 	 0.003596 	 0.163095 	 0.002003 	 0.013308 	 0.002003 	 0.000000 	 0.000000 	 0.937078 	 0.898248 

0.700000  	 0.799387 	 0.003713 	 0.180155 	 0.002384 	 0.020458 	 0.002731 	 0.000000 	 0.000000 	 0.961963 	 0.897503 

0.720000  	 0.777288 	 0.003722 	 0.201052 	 0.002485 	 0.021661 	 0.002660 	 0.000000 	 0.000000 	 0.844037 	 0.897562 

0.740000  	 0.755306 	 0.003778 	 0.224628 	 0.002711 	 0.020066 	 0.002912 	 0.000000 	 0.000000 	 0.274474 	 0.898516 

0.760000  	 0.731546 	 0.003669 	 0.253632 	 0.002585 	 0.014822 	 0.002103 	 0.000000 	 0.000000 	 0.996426 	 0.898603 

0.780000  	 0.716303 	 0.003598 	 0.276916 	 0.002578 	 0.006781 	 0.001620 	 0.000000 	 0.000000 	 0.992058 	 0.898692 

0.800000  	 0.692624 	 0.003526 	 0.299600 	 0.002722 	 0.007777 	 0.001800 	 0.000000 	 0.000000 	 0.703244 	 0.899743 

0.820000  	 0.670736 	 0.003415 	 0.322761 	 0.002774 	 0.006503 	 0.001724 	 0.000000 	 0.000000 	 0.979387 	 0.898699 

0.840000  	 0.647536 	 0.003290 	 0.346751 	 0.002833 	 0.005714 	 0.001848 	 0.000000 	 0.000000 	 0.818955 	 0.899719 

0.860000  	 0.628460 	 0.003132 	 0.363409 	 0.002777 	 0.008131 	 0.001710 	 0.000000 	 0.000000 	 0.997741 	 0.902001 

0.880000  	 0.612994 	 0.002975 	 0.383445 	 0.002839 	 0.003561 	 0.001842 	 0.000000 	 0.000000 	 0.830053 	 0.906007 

0.900000  	 0.598545 	 0.002777 	 0.394343 	 0.002644 	 0.007112 	 0.001627 	 0.000000 	 0.000000 	 0.487017 	 0.910803 

0.920000  	 0.587779 	 0.002566 	 0.404731 	 0.002414 	 0.007490 	 0.001310 	 0.000000 	 0.000000 	 0.991373 	 0.917129 

0.940000  	 0.583232 	 0.002334 	 0.409304 	 0.002240 	 0.007464 	 0.001250 	 0.000000 	 0.000000 	 0.923999 	 0.927389 

0.960000  	 0.567757 	 0.002082 	 0.423021 	 0.002034 	 0.009222 	 0.001122 	 0.000000 	 0.000000 	 0.999895 	 0.942001 

