
FRACTIONS AS A FUNCTION OF SLICE


 QQpipi 	   ppg   	   dppg   	   mmg   	   dmmg   	   eeg   	   deeg   	   ppp   	   dppp   	   prob   	   sep  


0.320000  	 0.577578 	 0.011916 	 0.317586 	 0.008335 	 0.003546 	 0.000000 	 0.100744 	 0.006771 	 0.000002 	 0.780361 	 0.755919 

0.340000  	 0.620647 	 0.010133 	 0.285287 	 0.006492 	 0.002670 	 0.000000 	 0.091148 	 0.005458 	 0.000011 	 0.772487 	 0.748054 

0.360000  	 0.666916 	 0.009143 	 0.283236 	 0.005965 	 0.002384 	 0.000000 	 0.047367 	 0.004307 	 0.000000 	 0.783432 	 0.749734 

0.380000  	 0.696908 	 0.008415 	 0.255099 	 0.005153 	 0.001970 	 0.000000 	 0.045950 	 0.004304 	 0.000000 	 0.771665 	 0.746733 

0.400000  	 0.730749 	 0.007796 	 0.230312 	 0.004380 	 0.002191 	 0.000000 	 0.036619 	 0.004411 	 0.000000 	 0.773066 	 0.751518 

0.420000  	 0.735365 	 0.007193 	 0.223161 	 0.004089 	 0.002075 	 0.000000 	 0.039317 	 0.004451 	 0.000000 	 0.733957 	 0.711664 

0.440000  	 0.749844 	 0.007259 	 0.186708 	 0.004371 	 0.001639 	 0.000000 	 0.061800 	 0.004566 	 0.000000 	 0.632754 	 0.632617 

0.460000  	 0.786871 	 0.005896 	 0.161755 	 0.003000 	 0.001638 	 0.000000 	 0.049721 	 0.003845 	 0.000000 	 0.675579 	 0.665017 

0.480000  	 0.765842 	 0.005927 	 0.166387 	 0.003522 	 0.001493 	 0.000000 	 0.066284 	 0.004478 	 0.000000 	 0.611263 	 0.587890 

0.500000  	 0.842843 	 0.004770 	 0.127234 	 0.002344 	 0.001320 	 0.000000 	 0.028563 	 0.003380 	 0.000000 	 0.656519 	 0.608588 

0.520000  	 0.864128 	 0.004253 	 0.110294 	 0.002608 	 0.001239 	 0.000000 	 0.024342 	 0.002679 	 0.000000 	 0.515034 	 0.463407 

0.540000  	 0.851186 	 0.004840 	 0.142117 	 0.003467 	 0.001128 	 0.000000 	 0.005572 	 0.003559 	 0.000000 	 0.387612 	 0.310499 

0.560000  	 0.805438 	 0.004812 	 0.186505 	 0.004086 	 0.001222 	 0.000000 	 0.006857 	 0.002458 	 0.000001 	 0.329717 	 0.228903 

0.580000  	 0.747524 	 0.005232 	 0.251400 	 0.005161 	 0.001082 	 0.000000 	 0.000000 	 0.000553 	 0.000000 	 0.318326 	 0.207658 

0.600000  	 0.000000 	 0.012905 	 0.000001 	 0.015795 	 0.001233 	 0.000000 	 0.998917 	 0.032782 	 0.000000 	 0.028957 	 0.211245 

0.620000  	 0.000000 	 0.068881 	 0.000000 	 0.025261 	 0.001843 	 0.000000 	 1.000000 	 0.120585 	 0.024695 	 0.016853 	 0.230486 

0.640000  	 0.000000 	 0.013189 	 0.000000 	 0.015511 	 0.002025 	 0.000000 	 0.998139 	 0.156126 	 0.000184 	 0.029329 	 0.245639 

0.660000  	 0.000000 	 0.018582 	 0.000001 	 0.048009 	 0.002432 	 0.000000 	 0.997714 	 0.085863 	 0.998847 	 0.029570 	 0.261083 

0.680000  	 0.587858 	 0.006441 	 0.409501 	 0.006762 	 0.002684 	 0.000000 	 0.000000 	 0.000105 	 0.000000 	 0.361816 	 0.276600 

0.700000  	 0.000000 	 0.043972 	 0.000000 	 0.051321 	 0.003285 	 0.000000 	 0.997185 	 0.211522 	 1.000000 	 nan 	 0.293086 

0.720000  	 0.000000 	 0.094559 	 0.000000 	 0.149962 	 0.003924 	 0.000000 	 0.996152 	 0.705821 	 1.000000 	 nan 	 0.310068 

0.740000  	 0.000000 	 0.081080 	 0.000000 	 0.104530 	 0.004108 	 0.000000 	 0.999999 	 0.913540 	 1.000000 	 nan 	 0.314858 

0.760000  	 0.449276 	 0.006687 	 0.546066 	 0.007398 	 0.004731 	 0.000000 	 0.000000 	 0.000000 	 0.000000 	 0.364509 	 0.302836 

0.780000  	 0.414044 	 0.007068 	 0.581100 	 0.007870 	 0.004951 	 0.000000 	 0.000000 	 0.000000 	 0.000000 	 0.349407 	 0.289286 

0.800000  	 0.383635 	 0.007193 	 0.610911 	 0.008112 	 0.005539 	 0.000000 	 0.000000 	 0.000000 	 0.000000 	 0.339786 	 0.285920 

0.820000  	 0.351567 	 0.007389 	 0.643041 	 0.008423 	 0.005490 	 0.000000 	 0.000000 	 0.000000 	 0.000000 	 0.341596 	 0.296832 

0.840000  	 0.349993 	 0.007652 	 0.644202 	 0.008650 	 0.005940 	 0.000000 	 0.000000 	 0.000000 	 0.000000 	 0.332921 	 0.302232 

0.860000  	 0.322083 	 0.007965 	 0.672417 	 0.009156 	 0.005580 	 0.000000 	 0.000000 	 0.000000 	 0.000000 	 0.336916 	 0.313395 

0.880000  	 0.273403 	 0.009776 	 0.720780 	 0.011141 	 0.006004 	 0.000000 	 0.000000 	 0.000000 	 0.000000 	 0.290930 	 0.280387 

0.900000  	 0.255898 	 0.013461 	 0.738030 	 0.014923 	 0.006171 	 0.000000 	 0.000000 	 0.000000 	 0.000000 	 0.255438 	 0.244137 

0.920000  	 0.294425 	 0.016993 	 0.699222 	 0.018640 	 0.006585 	 0.000000 	 0.000000 	 0.000000 	 0.000000 	 0.284720 	 0.277684 

0.940000  	 0.065092 	 0.033260 	 0.928841 	 0.036868 	 0.006307 	 0.000000 	 0.000000 	 0.000000 	 0.000000 	 0.154585 	 0.282371 

0.960000  	 0.000000 	 0.003712 	 0.992791 	 0.049408 	 0.008134 	 0.000000 	 0.000000 	 0.000000 	 0.712805 	 0.004049 	 0.120201 





 QQmumu 	   ppg   	   dppg   	   mmg   	   dmmg   	   eeg   	   deeg   	   ppp   	   dppp   	   prob   	   sep  


0.320000  	 0.552904 	 0.042797 	 0.160942 	 0.032742 	 0.286162 	 0.065875 	 0.000000 	 0.042051 	 1.000000 	 0.796460 

0.340000  	 0.523913 	 0.042314 	 0.095380 	 0.044837 	 0.380714 	 0.084130 	 0.000000 	 0.020838 	 1.000000 	 0.750155 

0.360000  	 0.496102 	 0.048469 	 0.011673 	 0.005290 	 0.492227 	 0.063730 	 0.000000 	 0.007736 	 1.000000 	 0.414984 

0.380000  	 0.617686 	 0.031018 	 0.092993 	 0.031381 	 0.289374 	 0.059722 	 0.000000 	 0.011659 	 1.000000 	 0.687484 

0.400000  	 0.520023 	 0.067529 	 0.002692 	 0.042456 	 0.477307 	 0.131603 	 0.000001 	 0.009498 	 1.000000 	 0.214543 

0.420000  	 0.735635 	 0.015065 	 0.111602 	 0.019619 	 0.152796 	 0.031323 	 0.000000 	 0.003288 	 1.000000 	 0.626533 

0.440000  	 0.640687 	 0.031538 	 0.000000 	 0.008962 	 0.359335 	 0.040016 	 0.000000 	 0.009979 	 1.000000 	 nan 

0.460000  	 0.769688 	 0.025027 	 0.027463 	 0.048774 	 0.202873 	 0.073087 	 0.000000 	 0.000477 	 1.000000 	 0.370041 

0.480000  	 0.825368 	 0.011362 	 0.048746 	 0.013082 	 0.125907 	 0.022254 	 0.000000 	 0.000365 	 1.000000 	 0.409320 

0.500000  	 0.738627 	 0.023395 	 0.000000 	 0.009688 	 0.261401 	 0.028811 	 0.000000 	 0.000396 	 1.000000 	 nan 

0.520000  	 0.657682 	 0.024317 	 0.000000 	 0.006925 	 0.342310 	 0.023251 	 0.000000 	 0.000486 	 1.000000 	 0.002790 

0.540000  	 0.521266 	 0.051152 	 0.000000 	 0.013533 	 0.478756 	 0.056793 	 0.000000 	 0.001008 	 1.000000 	 nan 

0.560000  	 0.302137 	 0.082450 	 0.000000 	 0.012545 	 0.697854 	 0.082740 	 0.000000 	 0.002974 	 1.000000 	 0.002645 

0.580000  	 0.354976 	 0.050870 	 0.000000 	 0.006575 	 0.645164 	 0.059060 	 0.000000 	 0.001686 	 1.000000 	 nan 

0.600000  	 0.113575 	 0.067010 	 0.000000 	 0.006252 	 0.886430 	 0.073199 	 0.000000 	 0.001284 	 1.000000 	 nan 

0.620000  	 0.000000 	 0.013756 	 0.000000 	 0.060337 	 0.000000 	 0.002547 	 1.000000 	 0.104260 	 0.004985 	 0.055747 

0.640000  	 0.000000 	 0.021600 	 0.000000 	 0.049397 	 0.000000 	 0.005224 	 1.000000 	 0.145673 	 0.999999 	 0.030321 

0.660000  	 0.000000 	 0.034228 	 0.000000 	 0.076676 	 0.000000 	 0.039238 	 1.000000 	 0.652823 	 1.000000 	 0.092116 

0.680000  	 0.094409 	 0.053117 	 0.000000 	 0.005465 	 0.905606 	 0.061202 	 0.000000 	 0.000000 	 0.999997 	 nan 

0.700000  	 0.100542 	 0.054807 	 0.000000 	 0.005403 	 0.899524 	 0.064059 	 0.000000 	 0.000000 	 1.000000 	 nan 

0.720000  	 0.000065 	 0.076049 	 0.000000 	 0.007583 	 0.999942 	 0.095838 	 0.000000 	 0.000000 	 1.000000 	 nan 

0.740000  	 0.000000 	 0.010175 	 0.000000 	 0.012107 	 0.999999 	 0.089754 	 0.000000 	 0.000000 	 1.000000 	 0.034551 

0.760000  	 0.000000 	 0.007140 	 0.000000 	 0.018857 	 1.000000 	 0.100205 	 0.000000 	 0.000000 	 0.996801 	 0.002041 

0.780000  	 0.000000 	 0.005344 	 0.000000 	 0.011137 	 1.000000 	 0.095344 	 0.000000 	 0.000000 	 0.996395 	 0.005926 

0.800000  	 0.000000 	 0.004890 	 0.000000 	 0.013659 	 1.000000 	 0.102649 	 0.000000 	 0.000000 	 0.977990 	 0.000038 

0.820000  	 0.000000 	 0.011455 	 0.000000 	 0.018070 	 1.000000 	 0.117934 	 0.000000 	 0.000000 	 1.000000 	 0.008959 

0.840000  	 0.000000 	 0.004043 	 0.000000 	 0.015597 	 1.000000 	 0.029889 	 0.000000 	 0.000000 	 0.966228 	 0.005305 

0.860000  	 0.000000 	 0.006676 	 0.000000 	 0.032650 	 1.000000 	 0.042259 	 0.000000 	 0.000000 	 1.000000 	 0.023577 

0.880000  	 0.000000 	 0.007660 	 0.000000 	 0.013626 	 1.000000 	 0.203362 	 0.000000 	 0.000000 	 1.000000 	 0.015569 

0.900000  	 0.000000 	 0.008921 	 0.000000 	 0.010094 	 0.999999 	 0.101747 	 0.000000 	 0.000000 	 1.000000 	 0.023930 

0.920000  	 0.000000 	 0.011583 	 0.000000 	 0.007033 	 1.000000 	 0.714137 	 0.000000 	 0.000000 	 1.000000 	 0.081462 

0.940000  	 0.000000 	 0.033446 	 0.000000 	 0.013401 	 1.000000 	 0.840676 	 0.000000 	 0.000000 	 1.000000 	 0.226263 

0.960000  	 0.000000 	 0.020000 	 0.000000 	 0.020000 	 0.000000 	 0.020000 	 0.000000 	 0.000000 	 0.000000 	 0.000000 

